3 0.269829 0.878794 0.0906272 0.123369
3 0.331967 0.697208 0.0730492 0.0846474
21 0.305338 0.560556 0.0642968 0.131732
21 0.337563 0.566672 0.0555059 0.105074
21 0.274792 0.562301 0.0534505 0.124513
3 0.235393 0.827045 0.0723635 0.141139
3 0.304971 0.77498 0.0846267 0.116867
23 0.0653369 0.812714 0.129317 0.372072
21 0.366283 0.594547 0.0421864 0.0311104
3 0.269829 0.878794 0.0906272 0.123369
3 0.331967 0.697208 0.0730492 0.0846474
21 0.305338 0.560556 0.0642968 0.131732
21 0.337563 0.566672 0.0555059 0.105074
21 0.274792 0.562301 0.0534505 0.124513
3 0.235393 0.827045 0.0723635 0.141139
3 0.304971 0.77498 0.0846267 0.116867
23 0.0653369 0.812714 0.129317 0.372072
21 0.366283 0.594547 0.0421864 0.0311104
